## year[1] | co2 (ppmv) [2] | n2o (ppbv)[3] | ch4 (ppbv)[4] | cfc11 (pptv)[5] | cfc12 (pptv)[6]
## Non values are given by  -9999.999 values
1970  		325.000	295.000   1420.000 	50.000		109.000
1980  		337.000	301.000   1570.000	164.000	290.000
1990  		353.000	308.000   1700.000	258.000	467.000
2000  		369.000	316.000   1760.000	267.000	535.000
2010  		389.000	323.000   1767.000	237.000	525.000
2015  		401.700	328.500   1899.700	231.500	518.000
2025  		434.800	336.700   2055.400	204.400	471.600
2050  		543.900	362.100   2524.200	138.500	365.100
2075  		686.800	391.000   2989.500 	88.000		280.600
2100  		871.600	422.100   3430.700 	53.000		214.000
